'latency'
996.2551218267097
1441.0589153165422
1692.3759510552254
1841.2757544540423
1970.9970710305636
2051.1968156100056
2118.83274417146
2172.740895287747
2211.840656640195
2235.6553659440747
2265.2324095314057
2291.1015137954164
2310.722460900652
2329.29688147699
2340.1405919731565
2357.8112788695357
2372.2195345655223
2384.3972653313226
2389.355387630467
2401.9051763352227
2403.330516981317
2414.899491634917
2426.9765760878113
2433.354121319554
2444.5400410113034
2455.0511950620353
2455.761248764987
2463.3975518390325
2461.2402884311286
2467.802967491553
2473.8384865508733
2480.2273545486773
2485.802158160392
2492.9777719474914
2497.3049382924933
2495.301932786121
2501.110218535399
2497.5262379984224
2502.369955002766
2505.29971509